4294967278,8
4294967278,340
4294967278,11
4294967278,10
4294967278,9
4294967278,283
4294967279,273
4294967278,14
4294967278,13
4294967278,12
4294967278,268
4294967278,339
4294967279,270
4294967278,266
4294967278,21
4294967278,20
4294967278,19
4294967278,18
4294967278,17
4294967278,16
4294967278,15
4294967279,269
4294967278,338
4294967279,268
4294967279,530
4294967279,266
4294967279,529
4294967278,337
4294967279,264
4294967279,528
4294967278,37
4294967278,36
4294967278,35
4294967278,34
4294967278,33
4294967278,32
4294967278,31
4294967278,30
4294967278,29
4294967278,28
4294967278,27
4294967278,26
4294967278,25
4294967278,24
4294967278,23
4294967278,22
4294967279,133
4294967279,26
4294967279,25
4294967279,23
4294967279,19
4294967279,18
4294967279,15
4294967279,14
4294967294,1421
4294967279,259
4294967279,281
4294967278,336
4294967294,114
4294967278,335
4294967279,527
4294967279,526
4294967278,257
4294967279,525
4294967278,334
4294967294,38
4294967294,36
4294967294,39
4294967294,437
4294967294,1422
4294967279,524
4294967278,333
4294967278,332
4294967279,523
4294967278,331
4294967278,330
4294967279,522
4294967278,253
4294967278,255
16,5
16,4
4294967278,254
16,3
16,2
16,1
4294967278,329
4294967294,388
4294967278,251
4294967278,249
4294967278,247
4294967278,245
4294967278,243
4294967278,244
4294967278,241
14,6
4294967294,1019
4294967294,1419
4294967294,1025
4294967294,974
4294967294,190
4294967278,237
4294967279,521
4294967278,328
4294967278,327
14,5
4294967294,969
4294967278,235
4294967278,233
14,4
14,3
14,2
14,1
4294967278,231
4294967278,229
4294967294,120
4294967294,987
4294967294,1018
4294967294,29
4294967294,389
4294967294,115
4294967278,227
4294967278,228
4294967278,225
13,5
4294967278,221
13,4
4294967278,219
13,3
13,2
13,1
4294967278,218
4294967278,217
4294967294,41
4294967278,326
4294967279,520
4294967294,43
4294967294,428
4294967294,44
4294967294,51
4294967294,52
4294967294,45
4294967278,213
4294967279,519
4294967278,325
4294967279,518
4294967278,210
4294967278,209
4294967278,208
12,4
12,3
12,2
12,1
4294967279,517
4294967278,207
4294967294,76
4294967294,82
4294967278,205
4294967278,204
4294967278,324
4294967294,91
4294967294,87
4294967294,85
4294967294,84
4294967294,83
4294967278,203
4294967294,88
4294967294,408
4294967294,396
4294967294,395
4294967294,411
4294967294,405
4294967294,178
4294967294,385
4294967294,1016
4294967294,167
4294967294,975
4294967294,406
4294967294,113
4294967294,456
4294967294,469
4294967278,200
4294967279,516
4294967278,323
4294967278,322
10,5
4294967278,199
4294967294,89
4294967278,198
10,4
10,3
10,2
10,1
4294967279,515
4294967278,197
4294967278,321
4294967279,514
4294967278,320
4294967279,513
4294967279,512
4294967278,319
4294967278,318
4294967279,136
4294967278,317
4294967279,319
4294967278,316
4294967278,315
4294967279,318
4294967278,314
4294967279,317
4294967279,316
4294967278,313
4294967278,312
4294967279,315
4294967294,5
4294967278,311
4294967294,417
4294967294,415
4294967294,393
4294967294,392
4294967294,390
4294967279,314
4294967279,313
4294967278,310
4294967278,309
4294967279,312
4294967278,308
4294967279,311
4294967278,307
4294967278,260
4294967294,186
4294967294,387
4294967294,46
4294967279,310
4294967279,309
4294967278,306
4294967294,973
4294967279,308
4294967278,305
4294967279,307
4294967278,304
4294967279,306
4294967278,303
4294967278,175
4294967294,37
4294967294,476
4294967294,475
4294967294,470
4294967279,305
4294967279,0
4294967278,173
4294967278,302
4294967278,172
4294967278,171
4294967278,168
4294967278,170
9,5
9,4
4294967278,169
9,3
9,2
9,1
4294967278,301
4294967294,40
4294967294,22
4294967294,17
4294967294,99
4294967294,107
4294967278,167
4294967294,94
4294967294,96
4294967278,166
4294967279,304
4294967294,9
4294967278,165
4294967294,8
0,7
4294967294,53
4294967294,1021
4294967294,1
4294967294,474
4294967294,2
4294967294,0
4294967294,28
4294967294,90
4294967294,86
4294967294,42
4294967278,300
4294967294,7
4294967279,303
4294967294,6
4294967278,163
4294967278,162
4294967294,50
4294967294,424
4294967294,184
4294967294,175
4294967294,183
4294967294,471
4294967294,988
4294967294,27
4294967294,160
4294967294,168
4294967294,162
4294967294,93
4294967294,95
4294967278,161
4294967294,166
4294967294,24
4294967294,25
4294967294,398
4294967294,26
4294967294,425
4294967294,30
4294967294,1010
4294967294,1009
4294967294,1007
4294967294,1006
4294967294,1001
4294967294,990
4294967294,964
4294967294,962
4294967294,961
4294967294,960
4294967294,436
4294967294,60
4294967294,81
4294967294,1035
4294967294,1023
4294967294,92
4294967294,67
4294967294,11
4294967294,14
4294967294,18
4294967294,12
4294967294,68
4294967278,132
4294967278,131
4294967278,130
4294967278,129
4294967278,128
4294967278,127
